+79500305129
+79119201382
+79119214007
+79095594629
+79956059757
+79643459292
+79219068237
+79312994464
@kingsmanbarbershop
+79313000999
+79117803322
@zet_avto
+79214410205
+79660142266
+79998292267
@insixbeauty
+79500465748
@chiochiopiter_bot
+79119284450
@domparikmaherov12
@formulaov
+79815877767
+79811808008
+79119205290
+79315857179
+79210433222
+79967726744
+79843349612
+79217557790
+79939764841
@toddlerspb_admin
+79219401700
+79813352762
@nekachalka
+79214282858
@colibri_dance2
@youstretchspb
@forme_studio
+79643336444
