
+79015252566
+79015906070
+79030107711
+79096997889
+79055559949
+79035860687
+79266050202
+79055552231
+79962451111
+79777745429
+79032446705
+79261523636
+74991109996
+74959275113
+74953244475
+79296493596
+79774200085
+79154156024
+74957446564
+79362800111
+74957446004
+74959144322
+74992380738
+74992882054
+79683054429
+74957402143
+79651140000
+79652301336
+74994554568
+79685075511
+79258384556
+79017216169
+79104610036
+79945046658
+74957406909
+79252706970
+79852739090
+79266384139
+79691241414
+79161527565
+74993466495
+79169426619
+79161234142
+79057661203
+79265441316
+79255067088
+74955077898
+79852227076
+78612684236
+79180804676
+79298383163
+79892200022
+79183557255
+79883800808
+79054020000
+79181650111
+79892109000
+79384789999
+79628686111
+79284444452
+79286699007
+78612518827
+79180231515
+79883338080
+79886663794
+79282063336
+79883329999
+79282609107
+79186527770
+79180100105
+79950038658
+79181127004
+79615954988
+78612260853
+79180280880
+79891980089
+79183025050
+79183667717
+79189649607
+79181410100
+79181503888
+79283320022
+79184993457
+78612742541
+79184422255
+78612216055
+79180428800
+79892999699
+79183131643
+78612554140
+79183151517
+79898270889
+78005511225
+78612685471
+79184743444
+79180705444
+79180195838
+79182733046
+79956113432
+78612592950
+78612489217
+79184151714
+79189595051
+79183636224
+79183725857
+79184579243
+79604800057
+79182115263
+79034538726
+79184245557
+79182751947
+79119214007
+79500305129
+79500305129
+79119201382
+79119201382
+79112133630
+79095594629
+79095594629
+79956059757
+79956059757
+79643459292
+79643459292
+79219068237
+79219068237
+79312994464
+79312994464
kingsmanbarbershop
+79046079889
+79313000999
+79313000999
+79813363658
+79117803322
+79117803322
+79523555023
+79523555023
+79214410205
+79214410205
+79660142266
+79660142266
+79998292267
+79998292267
insixbeauty
+79219698353
+79500465748
+79500465748
chiochiopiter_bot
+79112019339
+79311780688
+79119284450
+79119284450
domparikmaherov12
+79632449312
+79112721361
+79112721361
+79815877767
+79811808008
+79811808008
+79119205290
+79119205290
+79675934182
+79315857179
+79210433222
+79210433222
+79310098033
+79967726744
+79967726744
+79843349612
+79990081913
+79217557790
+79217557790
+79939764841
+79939764841
+79812881853
toddlerspb_admin
+79219088223
+79219401700
+79219401700
+79813352762
nekachalka
+79992161077
+79214282858
+79214282858
colibri_dance2
+79523882183
+79992324512
+79992324512
forme_studio
+79643901755
+79643901750
+79643336444
+79643336444
+79637855581
+79637855581
+79162980058
+79162980058
+79645520004
+79645520004
+79645520001
helen89zzz
+79037781888
+79939093211
+79939093211
mumuchatbot
+79851298276
+79037909805
+79254222222
+79672406066
+79672406066
+79253333310
babyclub_hamovniki
+79802134794
+79100195616
+79100195616
+79295393325
+79295393325
restretchmoscow
+79891189990
nef_fit_bot
+79365121010
+79365111010
wegymsupport_bot
+79255104549
+79265037742
+79265037742
+79032245242
white_dentalclinic
+79951011616
+79130021150
+79130021150
+79628286828
+79628286828
+79237750025
+79237750025
+79965447127
+79965447127
+79139120697
+79139120697
+79231074946
+79231074946
stom_dv
+79132034400
+79628395781
+79628395781
+79384445419
+79384445419
+79139855828
+79139855828
+79139801024
topmotorsnsk
+79237752788
+79833102210
+79833102210
+79137834821
+79137834821
+79231002756
clipse_studio69
+79130072856
+79231709550
+79231709550
+79139157377
+79139157377
+79130057377
nsk_famous_51
+79994526685
+79139223725
+79139223725
+79231542343
+79231542343
+79130150661
+79130150661
+79139396851
+79139396851
+79139101444
+79139101444
netushnsk
+79059332000
beautyhairnsk
+79132032636
gorchitsasupport
+79830005089
+79833048262
+79833048262
+79231777732
+79231777732
+79994652554
+79994652554
solocafe_nsk
+79831216667
+79237881828
+79237881828
+79628354646
+79628354646
+79039002520
+79254444725
+79254444725
freshnail_prostornaya
+79951530777
+79680878545
+79680878545
+79687195975
+79687195975
mira_bistro_admin
+79332034479
+79251132311
+79251132311
+79295698225
+79295698225
+79777531817
+79777531817
+79362227007
+79254222222
+79362227007
+79139842035
+79139842035
+79930232032
+79930232032
+79237753595
+79237753595
+79955718010
+79130020214
+79130020214
+79139069602
+79137894688
+79137894688
+79130629310
nerf_arena
+79390791912
+79681731173
+79681731173
+79095325966
+79095325966
+79139124422
+79139124422
+79231014520
+79231014520
+79133720939
+79231351711
+79231351711
+79162801144
+79162801144
+79134805577
+79132000668
+79132000668
+79130649107
+79830145350
+79830145350
+79137698781
+79134632125
moon_fitnes
+79231400880
+79231100880
+79655070379
+79655070379
+79502092027
+79502092027
+79699994082
+79227512996
+79227512996
+79222062323
+79937748095
+79937748095
+79221121418
+79956760614
+79965930854
+79965930854
+79643568825
+79896366816
+79016349723
+79221383172
+79221383172
+79527350597
+79527350597
+79002119994
+79002119994
thepalmekb
+79090300010
+79221095165
+79221095165
+79120513036
+79120513036
+79644888119
+79644888119
muar_studio
+79826415091
+79120502500
+79120502500
+79222268880
+79222268880
+79068006711
+79068006711
+79221068982
+79126294224
+79126294224
+79122123030
+79122123030
+79588836577
+79588836577
+79220352391
+79220352391
+79221057182
+79221057182
viethouse2023
+79220336402
+79678537343
+79678537343
+79923431574
+79923431574
+79220274448
+79220274448
smart_kod_ekb_bot
+79667151501
+79826756070
+79826756070
fresh_fitness_27
+79326010400
letay_v_oblaka_cv58
+79922732520
greenfitnessekb
+79326133600
+79221470205
+79221470205
+79003203252
+79003203252
+79872157722
+79047143131
+79047143131
+79173927733
+79173927733
+79959813131
+79959813131
+79297201700
+79297201700
+79179319677
+79179319677
+79872258522
+79872258522
+79656050477
+79656050477
autoset_rf_bot
+79330911813
+79655939249
+79655939249
+79625591242
+79625591242
akpp_pro_bot
+79662505582
+79297277272
+79297277272
+79297287625
+79874040588
+79874040588
+79677725053
+79677725053
+79376253366
+79376253366
+79872257713
+79872257713
+79172257776
+79625762999
+79625762999
laksmi_kazan
+79047173223
+79872220506
+79872220506
+79950953620
+79950953620
lotusspakzn
+79872158999
+79872260999
+79625563674
+79625563674
+79391085762
+79391085762
gallerykitchen1st
+79872907736
+79063270659
+79870091399
+79870091399
+79959822025
na_kryshe_restoran
+79520317777
+79534887777
+79534887777
+79872751200
+79872751200
+79393094777
+79393094777
+79506664052
+79506664052
+79869030646
+79869030646
+79310098120
+79376152338
+79376152338
individum_centre2
+79272445889
+79656228628
+79047646745
+79047646745
+79179150516
+79179150516
ilhamlan2023
+79872960286
slkznadmin
+79274777132
+79631574464
+79631574464
+79956877317
+79872919498
+79872919498
+79956863800
+79956863800
paradigma_admin
+79276709273
forma_orto
+79370643232
+79379922198
+79379922198
+79277167907
+79991702152
+79023226066
+79991702152
+79023226066
ccultcargo1984
+79379941984
logo_mommy
+79608332222
+79198007272
+79608334455
+79171225532
+79171225532
vivaparkbot
+79272071807
+79286005553
+79286005553
+79381696000
+79185544242
+79185544242
+79282299580
+79282299580
+79282262120
+79613098200
+79613098200
+79994805200
+79994805200
+79185173843
+79185173843
+79286111411
+79286111411
+79852196631
onemotors61
+79001344001
+79010000149
+79010000149
+79010000148
autoservis_kudrina
+79777616100
ho4ynogti
+79888962775
+79952907711
+79952907711
bibliotekatsvet
+79885395018
justbeauty_studio
+79381034488
promanik_lui_gorkogo
+79185110005
+79281339991
+79281339991
+79896339991
+79381093088
+79381093088
+79281745202
+79930820507
+79281785353
+79281785353
+79188909070
+79188909070
broni_rvbug
+79311097697
+79918987109
+79281633555
+79281633555
+79185738217
+79281519186
klyukva111
+79188517670
+79286208385
+79198882567
+79286208385
+79198882567
boshe_park_rnd
+79525768055
+79081747074
+79081747074
+79286030689
+79286030689
+79188972626
+79188972626
+79889935812
zalfitprofi
+79525661123
+79612219444
+79612219444
startfitnes
+79888992150
+79625259153
+79625259153
+79991333171
+79991333171
prime_dentt
+79867099465
+79377841944
+79377841944
+79871400475
+79871400475
stomatologartlion
+79631415666
+79639009170
+79639009170
+79177610221
+79177610221
+79869617837
+79869617837
+79373063015
+79659394120
+79173640380
beautyclub102
+79770990917
art_master_bot
+79374907771
+79872540909
+79872540909
+79876091533
+79876091533
+79177499493
+79177499493
elstudio_ufa
+79875820582
noimanstudio
+79373377122
+79373006096
+79373006096
maxim1306
+79870900700
+79870900600
+79603957357
+79603957357
+79872541343
+79872541343
+79014425992
+79014425992
+79373333378
+79177349737
+79177349737
+79871359714
+79930508531
+79930508531
+79177333300
+79177333300
+79177444002
+79177531365
+79177531365
+79173512100
+79173512100
+79872540177
+79872540177
+79613627810
+79613627810
+79272363393
+79272363393
+79874951853
+79656412543
+79656412543
+79270808845
+79270808845
+79196080138
+79196080138
+79279530144
+79279530144
bgym_fitness_bot
+79371665636
+79273436676
+79273031610
+79658954049
+79658954049
+79831439042
+79831439042
+79835080320
+79835080320
aidyn_stomatolog
+79632585899
odus_krs
+79080152050
+79535870607
+79535870607
+79831650598
+79831650598
+79293084246
+79293084246
+79099092828
+79099092828
+79333308066
+79631912996
+79631912996
+79620836302
+79333211600
+79333211600
+79232935805
+79232935805
+79233482110
+79233357444
+79233657465
+79029245659
+79832949954
+79832949954
+79233574715
+79233574715
+79233311122
+79233311122
+79509720314
+79509720314
luckystudiokrsk
+79620673777
+79131966651
+79029245659
+79131966651
+79233345886
+79233345886
+79950824425
+79535866447
+79232884424
haircity_bograda
+79233164566
+79835086788
+79835086788
+79135626788
+79069731999
+79504249454
+79504249454
+79130308181
+79130308181
+79082111115
+79082111115
+79011112100
+79130390808
+79130390808
+79631914037
+79631914037
+79538521155
+79538521155
+79676031166
+79676031166
+79135103030
+79135103030
+79233697575
azbukasad_bot
+79950777372
+79050865496
+79050865496
+79676090500
+79676090500
+79135092769
+79135092769
+79509956994
teramovement
+79509995202
+79155874977
+79155874977
+79102810022
+79102810022
+79950360022
+79003002013
+79003002013
+79204286850
+79204286850
+79009255818
+79009255818
+79507502572
+79507776077
+79507776077
vosmoechyvstvo_um
+79107322011
kaif_beauty
+79056571313
+79304030551
+79304030551
+79009483170
+79009483170
+79155886561
+79155886561
+79525591551
+79525403854
+79525403854
+79009515130
+79009515130
+79304163333
+79107468346
+79102455335
+79102455335
+79192488848
+79192488848
+79036503095
+79036503095
+79803423697
+79803423697
+79518658593
+79204408792
+79102425744
+79102425744
+79081478326
+79081478326
+79608720124
